{'Color_frame': 224,
 'Total_frame': 1125,
 'color': 'red',
 'color_param': [158, 219, 65, 44],
 'f1_score': 0.133,
 'filtratio': 0.5999234442338824,
 'fn': 0.674,
 'fp': 0.0,
 'roiScale': 6.25259087076579,
 'thr': 0.4894135314048538}
{'Color_frame': 224,
 'Total_frame': 1125,
 'color': 'red',
 'color_param': [140, 211, 52, 71],
 'f1_score': 0.154,
 'filtratio': 0.6761689645576358,
 'fn': 0.781,
 'fp': 0.0,
 'roiScale': 5.640802460229921,
 'thr': 0.5439138920111927}
{'Color_frame': 224,
 'Total_frame': 1125,
 'color': 'red',
 'color_param': [149, 206, 47, 80],
 'f1_score': 0.08,
 'filtratio': 0.7296743616229763,
 'fn': 0.406,
 'fp': 0.002,
 'roiScale': 9.610661662513998,
 'thr': 0.29649584236784876}
