{'Color_frame': 224,
 'Total_frame': 1125,
 'color': 'red',
 'color_param': [145, 213, 60, 91],
 'f1_score': 0.161,
 'filtratio': 0.5815781925447898,
 'fn': 0.817,
 'fp': 0.0,
 'roiScale': 7.82086570298828,
 'thr': 0.5604935790352062}
{'Color_frame': 224,
 'Total_frame': 1125,
 'color': 'red',
 'color_param': [147, 202, 78, 29],
 'f1_score': 0.061,
 'filtratio': 0.6192491374190617,
 'fn': 0.304,
 'fp': 0.019,
 'roiScale': 5.750731365468798,
 'thr': 0.1815912107109535}
