{'Color_frame': 503,
 'Total_frame': 1227,
 'color': 'white',
 'color_param': [184, 15, 193, 23],
 'f1_score': 0.023,
 'filtratio': 0.5208129427644669,
 'fn': 0.008,
 'fp': 0.561,
 'roiScale': 6.686669874615697,
 'thr': 0.21214330993076513}
{'Color_frame': 503,
 'Total_frame': 1227,
 'color': 'white',
 'color_param': [200, 13, 180, 33],
 'f1_score': 0.023,
 'filtratio': 0.6573197249393133,
 'fn': 0.01,
 'fp': 0.532,
 'roiScale': 7.887878937938679,
 'thr': 0.10742667777132167}
